gis_app/2016/data/bd_soc.asc
NCOLS 558 
NROWS 707 
XLLCORNER 88.016666667 
YLLCORNER 20.741666667 
CELLSIZE 0.00833333333333334 
NODATA_value -3.4e+38 
[rows 108 to 134 of 707, columns 244 to 304 of 558]
3 3 3 3 3 3 3 3 3 3 3 3 3 3 3 3 3 3 3 3 3 3 3 3 2.99201388888884 2.97604166666661 2.9600694444444 2.94409722222217 2.92812499999993 2.91215277777773 2.89618055555549 2.88020833333328 2.86423611111105 2.84826388888884 2.83229166666661 2.8163194444444 2.80034722222217 2.78437499999996 2.76840277777773 2.75243055555552 2.73645833333329 2.72048611111108 2.70451388888885 2.68854166666661 2.6725694444444 2.65659722222217 2.64062499999996 2.62465277777773 2.60868055555552 2.59270833333329 2.57673611111108 2.56076388888885 2.54479166666664 2.52881944444441 2.5128472222222 2.49687499999996 2.48090277777776 2.46493055555552 2.44895833333329 2.43298611111108 2.41701388888885
3 3 3 3 3 3 3 3 3 3 3 3 3 3 3 3 3 3 3 3 3 3 3 3 2.99215277777773 2.97645833333328 2.96076388888885 2.94506944444439 2.92937499999993 2.9136805555555 2.89798611111105 2.88229166666662 2.86659722222216 2.85090277777773 2.83520833333328 2.81951388888885 2.80381944444439 2.78812499999996 2.77243055555551 2.75673611111108 2.74104166666662 2.72534722222219 2.70965277777773 2.69395833333328 2.67826388888885 2.66256944444439 2.64687499999996 2.63118055555551 2.61548611111108 2.59979166666662 2.58409722222219 2.56840277777774 2.55270833333331 2.53701388888885 2.52131944444442 2.50562499999997 2.48993055555554 2.47423611111108 2.45854166666662 2.44284722222219 2.42715277777774
3 3 3 3 3 3 3 3 3 3 3 3 3 3 3 3 3 3 3 3 3 3 3 3 2.99229166666662 2.97687499999994 2.96145833333329 2.94604166666661 2.93062499999994 2.91520833333328 2.89979166666661 2.88437499999995 2.86895833333327 2.85354166666662 2.83812499999994 2.82270833333329 2.80729166666662 2.79187499999996 2.77645833333328 2.76104166666663 2.74562499999995 2.7302083333333 2.71479166666662 2.69937499999995 2.68395833333329 2.66854166666662 2.65312499999996 2.63770833333329 2.62229166666663 2.60687499999996 2.5914583333333 2.57604166666663 2.56062499999997 2.5452083333333 2.52979166666664 2.51437499999997 2.49895833333331 2.48354166666664 2.46812499999996 2.45270833333331 2.43729166666663
3 3 3 3 3 3 3 3 3 3 3 3 3 3 3 3 3 3 3 3 3 3 3 3 2.99243055555551 2.97729166666661 2.96215277777774 2.94701388888884 2.93187499999994 2.91673611111106 2.90159722222216 2.88645833333329 2.87131944444439 2.85618055555551 2.84104166666661 2.82590277777774 2.81076388888884 2.79562499999996 2.78048611111106 2.76534722222219 2.75020833333329 2.73506944444441 2.71993055555551 2.70479166666661 2.68965277777774 2.67451388888884 2.65937499999997 2.64423611111107 2.62909722222219 2.61395833333329 2.59881944444442 2.58368055555552 2.56854166666664 2.55340277777774 2.53826388888887 2.52312499999997 2.50798611111109 2.49284722222219 2.47770833333329 2.46256944444442 2.44743055555552
3 3 3 3 3 3 3 3 3 3 3 3 3 3 3 3 3 3 3 3 3 3 3 3 2.9925694444444 2.97770833333328 2.96284722222218 2.94798611111106 2.93312499999994 2.91826388888884 2.90340277777772 2.88854166666662 2.8736805555555 2.8588194444444 2.84395833333328 2.82909722222218 2.81423611111106 2.79937499999996 2.78451388888884 2.76965277777775 2.75479166666662 2.73993055555553 2.7250694444444 2.71020833333328 2.69534722222218 2.68048611111106 2.66562499999997 2.65076388888884 2.63590277777775 2.62104166666662 2.60618055555553 2.59131944444441 2.57645833333331 2.56159722222219 2.54673611111109 2.53187499999997 2.51701388888887 2.50215277777775 2.48729166666663 2.47243055555553 2.45756944444441
3 3 3 3 3 3 3 3 3 3 3 3 3 3 3 3 3 3 3 3 3 3 3 3 2.99270833333329 2.97812499999995 2.96354166666663 2.94895833333328 2.93437499999994 2.91979166666662 2.90520833333327 2.89062499999996 2.87604166666661 2.86145833333329 2.84687499999995 2.83229166666663 2.81770833333328 2.80312499999997 2.78854166666662 2.7739583333333 2.75937499999996 2.74479166666664 2.73020833333329 2.71562499999995 2.70104166666663 2.68645833333329 2.67187499999997 2.65729166666662 2.6427083333333 2.62812499999996 2.61354166666664 2.59895833333329 2.58437499999998 2.56979166666663 2.55520833333331 2.54062499999997 2.52604166666665 2.5114583333333 2.49687499999996 2.48229166666664 2.4677083333333
3 3 3 3 3 3 3 3 3 3 3 3 3 3 3 3 3 3 3 3 3 3 3 3 2.99284722222218 2.97854166666661 2.96423611111107 2.94993055555551 2.93562499999994 2.9213194444444 2.90701388888883 2.89270833333329 2.87840277777772 2.86409722222218 2.84979166666662 2.83548611111107 2.82118055555551 2.80687499999997 2.7925694444444 2.77826388888886 2.76395833333329 2.74965277777775 2.73534722222218 2.72104166666662 2.70673611111108 2.69243055555551 2.67812499999997 2.6638194444444 2.64951388888886 2.63520833333329 2.62090277777775 2.60659722222218 2.59229166666664 2.57798611111108 2.56368055555553 2.54937499999997 2.53506944444443 2.52076388888886 2.50645833333329 2.49215277777775 2.47784722222219
3 3 3 3 3 3 3 3 3 3 3 3 3 3 3 3 3 3 3 3 3 3 3 3 2.99298611111107 2.97895833333328 2.96493055555552 2.95090277777773 2.93687499999994 2.92284722222218 2.90881944444439 2.89479166666662 2.88076388888884 2.86673611111107 2.85270833333328 2.83868055555552 2.82465277777773 2.81062499999997 2.79659722222218 2.78256944444441 2.76854166666663 2.75451388888886 2.74048611111107 2.72645833333328 2.71243055555552 2.69840277777773 2.68437499999997 2.67034722222218 2.65631944444441 2.64229166666663 2.62826388888886 2.61423611111107 2.60020833333331 2.58618055555552 2.57215277777776 2.55812499999997 2.5440972222222 2.53006944444442 2.51604166666663 2.50201388888886 2.48798611111108
3 3 3 3 3 3 3 3 3 3 3 3 3 3 3 3 3 3 3 3 3 3 3 3 2.99312499999996 2.97937499999995 2.96562499999996 2.95187499999995 2.93812499999994 2.92437499999996 2.91062499999994 2.89687499999996 2.88312499999995 2.86937499999996 2.85562499999995 2.84187499999996 2.82812499999995 2.81437499999997 2.80062499999996 2.78687499999997 2.77312499999996 2.75937499999997 2.74562499999996 2.73187499999995 2.71812499999997 2.70437499999995 2.69062499999997 2.67687499999996 2.66312499999997 2.64937499999996 2.63562499999997 2.62187499999996 2.60812499999998 2.59437499999997 2.58062499999998 2.56687499999997 2.55312499999998 2.53937499999997 2.52562499999996 2.51187499999997 2.49812499999996
3 3 3 3 3 3 3 3 3 3 3 3 3 3 3 3 3 3 3 3 3 3 3 3 2.99326388888885 2.97979166666662 2.96631944444441 2.95284722222218 2.93937499999994 2.92590277777773 2.9124305555555 2.89895833333329 2.88548611111106 2.87201388888885 2.85854166666662 2.84506944444441 2.83159722222218 2.81812499999997 2.80465277777774 2.79118055555553 2.7777083333333 2.76423611111109 2.75076388888885 2.73729166666662 2.72381944444441 2.71034722222218 2.69687499999997 2.68340277777774 2.66993055555553 2.6564583333333 2.64298611111109 2.62951388888886 2.61604166666665 2.60256944444441 2.58909722222221 2.57562499999997 2.56215277777776 2.54868055555553 2.5352083333333 2.52173611111109 2.50826388888886
3 3 3 3 3 3 3 3 3 3 3 3 3 3 3 3 3 3 3 3 3 3 3 3 2.99340277777774 2.98020833333329 2.96701388888885 2.9538194444444 2.94062499999994 2.92743055555551 2.91423611111106 2.90104166666663 2.88784722222217 2.87465277777774 2.86145833333329 2.84826388888886 2.8350694444444 2.82187499999997 2.80868055555552 2.79548611111108 2.78229166666663 2.7690972222222 2.75590277777774 2.74270833333329 2.72951388888886 2.7163194444444 2.70312499999997 2.68993055555552 2.67673611111109 2.66354166666663 2.6503472222222 2.63715277777775 2.62395833333331 2.61076388888886 2.59756944444443 2.58437499999997 2.57118055555554 2.55798611111109 2.54479166666663 2.5315972222222 2.51840277777775
3 3 3 3 3 3 3 3 3 3 3 3 3 3 3 3 3 3 3 3 3 3 3 3 2.99354166666663 2.98062499999995 2.9677083333333 2.95479166666662 2.94187499999995 2.92895833333329 2.91604166666662 2.90312499999996 2.89020833333328 2.87729166666663 2.86437499999996 2.8514583333333 2.83854166666662 2.82562499999997 2.81270833333329 2.79979166666664 2.78687499999996 2.77395833333331 2.76104166666663 2.74812499999996 2.7352083333333 2.72229166666663 2.70937499999997 2.6964583333333 2.68354166666664 2.67062499999997 2.65770833333331 2.64479166666664 2.63187499999998 2.61895833333331 2.60604166666665 2.59312499999997 2.58020833333332 2.56729166666664 2.55437499999997 2.54145833333331 2.52854166666664
3 3 3 3 3 3 3 3 3 3 3 3 3 3 3 3 3 3 3 3 3 3 3 3 2.99368055555552 2.98104166666662 2.96840277777774 2.95576388888885 2.94312499999995 2.93048611111107 2.91784722222217 2.9052083333333 2.8925694444444 2.87993055555552 2.86729166666662 2.85465277777775 2.84201388888885 2.82937499999997 2.81673611111107 2.8040972222222 2.7914583333333 2.77881944444442 2.76618055555552 2.75354166666662 2.74090277777775 2.72826388888885 2.71562499999997 2.70298611111107 2.6903472222222 2.6777083333333 2.66506944444442 2.65243055555552 2.63979166666665 2.62715277777775 2.61451388888887 2.60187499999998 2.5892361111111 2.5765972222222 2.5639583333333 2.55131944444443 2.53868055555553
3 3 3 3 3 3 3 3 3 3 3 3 3 3 3 3 3 3 3 3 3 3 3 3 2.99381944444441 2.98145833333329 2.96909722222219 2.95673611111107 2.94437499999995 2.93201388888885 2.91965277777773 2.90729166666663 2.89493055555551 2.88256944444441 2.87020833333329 2.85784722222219 2.84548611111107 2.83312499999997 2.82076388888885 2.80840277777775 2.79604166666663 2.78368055555553 2.77131944444441 2.75895833333329 2.74659722222219 2.73423611111107 2.72187499999997 2.70951388888885 2.69715277777775 2.68479166666663 2.67243055555554 2.66006944444441 2.64770833333332 2.6353472222222 2.6229861111111 2.61062499999998 2.59826388888888 2.58590277777776 2.57354166666664 2.56118055555554 2.54881944444442
3 3 3 3 3 3 3 3 3 3 3 3 3 3 3 3 3 3 3 3 3 3 3 3 2.9939583333333 2.98187499999996 2.96979166666663 2.95770833333329 2.94562499999995 2.93354166666663 2.92145833333329 2.90937499999996 2.89729166666662 2.8852083333333 2.87312499999996 2.86104166666664 2.84895833333329 2.83687499999997 2.82479166666663 2.81270833333331 2.80062499999997 2.78854166666664 2.7764583333333 2.76437499999996 2.75229166666664 2.7402083333333 2.72812499999997 2.71604166666663 2.70395833333331 2.69187499999997 2.67979166666665 2.6677083333333 2.65562499999998 2.64354166666664 2.63145833333332 2.61937499999998 2.60729166666665 2.59520833333331 2.58312499999997 2.57104166666665 2.55895833333331
3 3 3 3 3 3 3 3 3 3 3 3 3 3 3 3 3 3 3 3 3 3 3 3 2.99409722222219 2.98229166666662 2.97048611111108 2.95868055555552 2.94687499999995 2.93506944444441 2.92326388888884 2.9114583333333 2.89965277777773 2.88784722222219 2.87604166666663 2.86423611111108 2.85243055555552 2.84062499999997 2.82881944444441 2.81701388888886 2.8052083333333 2.79340277777776 2.78159722222219 2.76979166666663 2.75798611111108 2.74618055555552 2.73437499999997 2.72256944444441 2.71076388888887 2.6989583333333 2.68715277777776 2.67534722222219 2.66354166666665 2.65173611111109 2.63993055555554 2.62812499999998 2.61631944444443 2.60451388888887 2.5927083333333 2.58090277777776 2.5690972222222
3 3 3 3 3 3 3 3 3 3 3 3 3 3 3 3 3 3 3 3 3 3 3 3 2.99423611111108 2.98270833333329 2.97118055555552 2.95965277777774 2.94812499999995 2.93659722222218 2.9250694444444 2.91354166666663 2.90201388888885 2.89048611111108 2.87895833333329 2.86743055555553 2.85590277777774 2.84437499999997 2.83284722222219 2.82131944444442 2.80979166666663 2.79826388888887 2.78673611111108 2.77520833333329 2.76368055555553 2.75215277777774 2.74062499999998 2.72909722222219 2.71756944444442 2.70604166666664 2.69451388888887 2.68298611111108 2.67145833333332 2.65993055555553 2.64840277777776 2.63687499999998 2.62534722222221 2.61381944444442 2.60229166666664 2.59076388888887 2.57923611111109
3 3 3 3 3 3 3 3 3 3 3 3 3 3 3 3 3 3 3 3 3 3 3 3 2.99437499999997 2.98312499999996 2.97187499999997 2.96062499999996 2.94937499999995 2.93812499999996 2.92687499999996 2.91562499999997 2.90437499999996 2.89312499999997 2.88187499999996 2.87062499999997 2.85937499999996 2.84812499999998 2.83687499999997 2.82562499999998 2.81437499999997 2.80312499999998 2.79187499999997 2.78062499999997 2.76937499999998 2.75812499999997 2.74687499999998 2.73562499999997 2.72437499999998 2.71312499999997 2.70187499999998 2.69062499999998 2.67937499999999 2.66812499999998 2.65687499999999 2.64562499999998 2.63437499999999 2.62312499999998 2.61187499999998 2.60062499999999 2.58937499999998
3 3 3 3 3 3 3 3 3 3 3 3 3 3 3 3 3 3 3 3 3 3 3 3 2.99451388888886 2.98354166666663 2.97256944444442 2.96159722222218 2.95062499999995 2.93965277777774 2.92868055555551 2.9177083333333 2.90673611111107 2.89576388888886 2.88479166666663 2.87381944444442 2.86284722222219 2.85187499999998 2.84090277777775 2.82993055555553 2.8189583333333 2.80798611111109 2.79701388888886 2.78604166666663 2.77506944444442 2.76409722222219 2.75312499999998 2.74215277777775 2.73118055555554 2.72020833333331 2.7092361111111 2.69826388888887 2.68729166666665 2.67631944444442 2.66534722222221 2.65437499999998 2.64340277777777 2.63243055555554 2.62145833333331 2.6104861111111 2.59951388888887
3 3 3 3 3 3 3 3 3 3 3 3 3 3 3 3 3 3 3 3 3 3 3 3 2.99465277777775 2.98395833333329 2.97326388888886 2.96256944444441 2.95187499999996 2.94118055555552 2.93048611111107 2.91979166666664 2.90909722222218 2.89840277777775 2.8877083333333 2.87701388888886 2.86631944444441 2.85562499999998 2.84493055555552 2.83423611111109 2.82354166666664 2.8128472222222 2.80215277777775 2.7914583333333 2.78076388888887 2.77006944444441 2.75937499999998 2.74868055555553 2.73798611111109 2.72729166666664 2.71659722222221 2.70590277777776 2.69520833333332 2.68451388888887 2.67381944444443 2.66312499999998 2.65243055555555 2.6417361111111 2.63104166666664 2.62034722222221 2.60965277777776
3 3 3 3 3 3 3 3 3 3 3 3 3 3 3 3 3 3 3 3 3 3 3 3 2.99479166666664 2.98437499999996 2.97395833333331 2.96354166666663 2.95312499999996 2.9427083333333 2.93229166666663 2.92187499999997 2.9114583333333 2.90104166666664 2.89062499999996 2.88020833333331 2.86979166666663 2.85937499999998 2.8489583333333 2.83854166666665 2.82812499999997 2.81770833333332 2.80729166666664 2.79687499999997 2.78645833333331 2.77604166666664 2.76562499999998 2.75520833333331 2.74479166666665 2.73437499999998 2.72395833333332 2.71354166666664 2.70312499999999 2.69270833333331 2.68229166666666 2.67187499999998 2.66145833333333 2.65104166666665 2.64062499999998 2.63020833333332 2.61979166666665
3 3 3 3 3 3 3 3 3 3 3 3 3 3 3 3 3 3 3 3 3 3 3 3 2.99493055555553 2.98479166666663 2.97465277777775 2.96451388888885 2.95437499999996 2.94423611111108 2.93409722222218 2.9239583333333 2.91381944444441 2.90368055555553 2.89354166666663 2.88340277777775 2.87326388888886 2.86312499999998 2.85298611111108 2.8428472222222 2.83270833333331 2.82256944444443 2.81243055555553 2.80229166666664 2.79215277777776 2.78201388888886 2.77187499999998 2.76173611111108 2.75159722222221 2.74145833333331 2.73131944444443 2.72118055555553 2.71104166666666 2.70090277777776 2.69076388888888 2.68062499999998 2.6704861111111 2.66034722222221 2.65020833333331 2.64006944444443 2.62993055555554
3 3 3 3 3 3 3 3 3 3 3 3 3 3 3 3 3 3 3 3 3 3 3 3 2.99506944444442 2.9852083333333 2.9753472222222 2.96548611111108 2.95562499999996 2.94576388888886 2.93590277777774 2.92604166666664 2.91618055555552 2.90631944444442 2.8964583333333 2.8865972222222 2.87673611111108 2.86687499999998 2.85701388888886 2.84715277777776 2.83729166666664 2.82743055555554 2.81756944444442 2.8077083333333 2.7978472222222 2.78798611111108 2.77812499999998 2.76826388888886 2.75840277777776 2.74854166666664 2.73868055555554 2.72881944444442 2.71895833333332 2.7090972222222 2.6992361111111 2.68937499999998 2.67951388888888 2.66965277777776 2.65979166666665 2.64993055555555 2.64006944444443
3 3 3 3 3 3 3 3 3 3 3 3 3 3 3 3 3 3 3 3 3 3 3 3 2.99520833333331 2.98562499999997 2.97604166666664 2.9664583333333 2.95687499999996 2.94729166666664 2.9377083333333 2.92812499999997 2.91854166666663 2.90895833333331 2.89937499999997 2.88979166666664 2.8802083333333 2.87062499999998 2.86104166666664 2.85145833333332 2.84187499999998 2.83229166666665 2.82270833333331 2.81312499999997 2.80354166666665 2.79395833333331 2.78437499999998 2.77479166666664 2.76520833333332 2.75562499999998 2.74604166666665 2.73645833333331 2.72687499999999 2.71729166666665 2.70770833333333 2.69812499999999 2.68854166666666 2.67895833333332 2.66937499999998 2.65979166666666 2.65020833333332
3 3 3 3 3 3 3 3 3 3 3 3 3 3 3 3 3 3 3 3 3 3 3 3 2.9953472222222 2.98604166666663 2.97673611111109 2.96743055555552 2.95812499999996 2.94881944444442 2.93951388888885 2.93020833333331 2.92090277777774 2.9115972222222 2.90229166666664 2.89298611111109 2.88368055555553 2.87437499999998 2.86506944444442 2.85576388888887 2.84645833333331 2.83715277777776 2.8278472222222 2.81854166666664 2.80923611111109 2.79993055555553 2.79062499999998 2.78131944444442 2.77201388888887 2.76270833333331 2.75340277777777 2.7440972222222 2.73479166666666 2.72548611111109 2.71618055555555 2.70687499999999 2.69756944444444 2.68826388888888 2.67895833333331 2.66965277777777 2.66034722222221
3 3 3 3 3 3 3 3 3 3 3 3 3 3 3 3 3 3 3 3 3 3 3 3 2.99548611111108 2.9864583333333 2.97743055555553 2.96840277777775 2.95937499999996 2.95034722222219 2.94131944444441 2.93229166666664 2.92326388888886 2.91423611111109 2.9052083333333 2.89618055555553 2.88715277777775 2.87812499999998 2.8690972222222 2.86006944444443 2.85104166666664 2.84201388888887 2.83298611111109 2.82395833333331 2.81493055555554 2.80590277777775 2.79687499999998 2.7878472222222 2.77881944444443 2.76979166666665 2.76076388888888 2.75173611111109 2.74270833333332 2.73368055555554 2.72465277777777 2.71562499999999 2.70659722222222 2.69756944444443 2.68854166666665 2.67951388888888 2.6704861111111
3 3 3 3 3 3 3 3 3 3 3 3 3 3 3 3 3 3 3 3 3 3 3 3 2.99562499999997 2.98687499999997 2.97812499999998 2.96937499999997 2.96062499999996 2.95187499999997 2.94312499999997 2.93437499999997 2.92562499999997 2.91687499999998 2.90812499999997 2.89937499999998 2.89062499999997 2.88187499999998 2.87312499999998 2.86437499999998 2.85562499999998 2.84687499999999 2.83812499999998 2.82937499999997 2.82062499999998 2.81187499999998 2.80312499999998 2.79437499999998 2.78562499999999 2.77687499999998 2.76812499999999 2.75937499999998 2.75062499999999 2.74187499999998 2.73312499999999 2.72437499999999 2.715625 2.70687499999999 2.69812499999998 2.68937499999999 2.68062499999998
