gis_app/2016/data/bd_soc.asc
NCOLS 558 
NROWS 707 
XLLCORNER 88.016666667 
YLLCORNER 20.741666667 
CELLSIZE 0.00833333333333334 
NODATA_value -3.4e+38 
[rows 27 to 53 of 707, columns 183 to 243 of 558]
3 3 3 3 3 3 3 3 3 3 3 3 3 3 3 3 3 3 3 3 3 3 3 3 3 2.98909722222216 2.96729166666659 2.94548611111105 2.92368055555548 2.90187499999995 2.88006944444437 2.8582638888888 2.83645833333327 2.81465277777769 2.79284722222216 2.77104166666659 2.74923611111105 2.72743055555548 2.70562499999995 2.68381944444437 2.66201388888884 2.64020833333327 2.61840277777773 2.59659722222216 2.57479166666663 2.55298611111105 2.53118055555548 2.50937499999995 2.48756944444438 2.46576388888884 2.44395833333327 2.42215277777773 2.40034722222216 2.37854166666663 2.35673611111106 2.33493055555552 2.31312499999995 2.29131944444442 2.26951388888884 2.24770833333331 2.22590277777774
3 3 3 3 3 3 3 3 3 3 3 3 3 3 3 3 3 3 3 3 3 3 3 3 3 2.98923611111105 2.96770833333325 2.9461805555555 2.9246527777777 2.90312499999995 2.88159722222215 2.86006944444436 2.8385416666666 2.81701388888881 2.79548611111105 2.77395833333326 2.7524305555555 2.7309027777777 2.70937499999995 2.68784722222215 2.6663194444444 2.6447916666666 2.62326388888884 2.60173611111105 2.58020833333329 2.5586805555555 2.53715277777771 2.51562499999995 2.49409722222215 2.4725694444444 2.4510416666666 2.42951388888885 2.40798611111105 2.3864583333333 2.3649305555555 2.34340277777774 2.32187499999995 2.30034722222219 2.2788194444444 2.25729166666664 2.23576388888885
3 3 3 3 3 3 3 3 3 3 3 3 3 3 3 3 3 3 3 3 3 3 3 3 3 2.98937499999994 2.96812499999992 2.94687499999994 2.92562499999993 2.90437499999995 2.88312499999993 2.86187499999991 2.84062499999993 2.81937499999992 2.79812499999994 2.77687499999992 2.75562499999994 2.73437499999993 2.71312499999995 2.69187499999993 2.67062499999995 2.64937499999994 2.62812499999996 2.60687499999994 2.58562499999996 2.56437499999995 2.54312499999993 2.52187499999995 2.50062499999993 2.47937499999995 2.45812499999994 2.43687499999996 2.41562499999994 2.39437499999996 2.37312499999995 2.35187499999997 2.33062499999995 2.30937499999997 2.28812499999996 2.26687499999998 2.24562499999996
3 3 3 3 3 3 3 3 3 3 3 3 3 3 3 3 3 3 3 3 3 3 3 3 3 2.98951388888883 2.96854166666659 2.94756944444439 2.92659722222215 2.90562499999995 2.88465277777771 2.86368055555547 2.84270833333327 2.82173611111103 2.80076388888883 2.77979166666659 2.75881944444439 2.73784722222215 2.71687499999995 2.69590277777771 2.67493055555551 2.65395833333327 2.63298611111107 2.61201388888883 2.59104166666663 2.57006944444439 2.54909722222215 2.52812499999995 2.50715277777771 2.48618055555551 2.46520833333327 2.44423611111107 2.42326388888883 2.40229166666663 2.38131944444439 2.36034722222219 2.33937499999995 2.31840277777775 2.29743055555551 2.27645833333331 2.25548611111107
3 3 3 3 3 3 3 3 3 3 3 3 3 3 3 3 3 3 3 3 3 3 3 3 3 2.98965277777772 2.96895833333326 2.94826388888883 2.92756944444437 2.90687499999995 2.88618055555549 2.86548611111103 2.8447916666666 2.82409722222214 2.80340277777772 2.78270833333326 2.76201388888883 2.74131944444437 2.72062499999995 2.69993055555549 2.67923611111106 2.6585416666666 2.63784722222218 2.61715277777772 2.5964583333333 2.57576388888884 2.55506944444438 2.53437499999995 2.51368055555549 2.49298611111107 2.47229166666661 2.45159722222218 2.43090277777772 2.4102083333333 2.38951388888884 2.36881944444441 2.34812499999995 2.32743055555553 2.30673611111107 2.28604166666664 2.26534722222218
3 3 3 3 3 3 3 3 3 3 3 3 3 3 3 3 3 3 3 3 3 3 3 3 3 2.98979166666661 2.96937499999992 2.94895833333328 2.9285416666666 2.90812499999995 2.88770833333327 2.86729166666658 2.84687499999994 2.82645833333326 2.80604166666661 2.78562499999993 2.76520833333328 2.7447916666666 2.72437499999995 2.70395833333327 2.68354166666662 2.66312499999994 2.64270833333329 2.62229166666661 2.60187499999996 2.58145833333328 2.5610416666666 2.54062499999995 2.52020833333327 2.49979166666662 2.47937499999994 2.45895833333329 2.43854166666661 2.41812499999996 2.39770833333328 2.37729166666663 2.35687499999995 2.33645833333331 2.31604166666662 2.29562499999998 2.27520833333329
3 3 3 3 3 3 3 3 3 3 3 3 3 3 3 3 3 3 3 3 3 3 3 3 3 2.9899305555555 2.96979166666659 2.94965277777772 2.92951388888882 2.90937499999995 2.88923611111105 2.86909722222214 2.84895833333327 2.82881944444437 2.8086805555555 2.7885416666666 2.76840277777773 2.74826388888882 2.72812499999995 2.70798611111105 2.68784722222218 2.66770833333327 2.64756944444441 2.6274305555555 2.60729166666663 2.58715277777773 2.56701388888882 2.54687499999995 2.52673611111105 2.50659722222218 2.48645833333328 2.46631944444441 2.4461805555555 2.42604166666663 2.40590277777773 2.38576388888886 2.36562499999996 2.34548611111109 2.32534722222218 2.30520833333331 2.28506944444441
3 3 3 3 3 3 3 3 3 3 3 3 3 3 3 3 3 3 3 3 3 3 3 3 3 2.99006944444439 2.97020833333326 2.95034722222217 2.93048611111104 2.91062499999995 2.89076388888882 2.8709027777777 2.85104166666661 2.83118055555548 2.81131944444439 2.79145833333326 2.77159722222217 2.75173611111104 2.73187499999995 2.71201388888883 2.69215277777773 2.67229166666661 2.65243055555552 2.63256944444439 2.6127083333333 2.59284722222217 2.57298611111105 2.55312499999995 2.53326388888883 2.51340277777774 2.49354166666661 2.47368055555552 2.45381944444439 2.4339583333333 2.41409722222218 2.39423611111108 2.37437499999996 2.35451388888887 2.33465277777774 2.31479166666665 2.29493055555552
3 3 3 3 3 3 3 3 3 3 3 3 3 3 3 3 3 3 3 3 3 3 3 3 3 2.99020833333328 2.97062499999993 2.95104166666661 2.93145833333327 2.91187499999995 2.8922916666666 2.87270833333326 2.85312499999994 2.83354166666659 2.81395833333328 2.79437499999993 2.77479166666662 2.75520833333327 2.73562499999995 2.71604166666661 2.69645833333329 2.67687499999994 2.65729166666663 2.63770833333328 2.61812499999997 2.59854166666662 2.57895833333327 2.55937499999996 2.53979166666661 2.52020833333329 2.50062499999995 2.48104166666663 2.46145833333328 2.44187499999997 2.42229166666662 2.40270833333331 2.38312499999996 2.36354166666664 2.3439583333333 2.32437499999998 2.30479166666663
3 3 3 3 3 3 3 3 3 3 3 3 3 3 3 3 3 3 3 3 3 3 3 3 3 2.99034722222217 2.9710416666666 2.95173611111106 2.93243055555549 2.91312499999995 2.89381944444438 2.87451388888881 2.85520833333327 2.8359027777777 2.81659722222217 2.7972916666666 2.77798611111106 2.75868055555549 2.73937499999995 2.72006944444438 2.70076388888885 2.68145833333328 2.66215277777774 2.64284722222217 2.62354166666663 2.60423611111106 2.58493055555549 2.56562499999996 2.54631944444439 2.52701388888885 2.50770833333328 2.48840277777774 2.46909722222217 2.44979166666664 2.43048611111107 2.41118055555553 2.39187499999996 2.37256944444442 2.35326388888885 2.33395833333331 2.31465277777774
3 3 3 3 3 3 3 3 3 3 3 3 3 3 3 3 3 3 3 3 3 3 3 3 3 2.99048611111106 2.97145833333326 2.9524305555555 2.93340277777771 2.91437499999995 2.89534722222216 2.87631944444437 2.85729166666661 2.83826388888882 2.81923611111106 2.80020833333327 2.78118055555551 2.76215277777771 2.74312499999995 2.72409722222216 2.7050694444444 2.68604166666661 2.66701388888885 2.64798611111106 2.6289583333333 2.60993055555551 2.59090277777772 2.57187499999996 2.55284722222216 2.53381944444441 2.51479166666661 2.49576388888885 2.47673611111106 2.4577083333333 2.43868055555551 2.41965277777775 2.40062499999996 2.3815972222222 2.36256944444441 2.34354166666665 2.32451388888886
3 3 3 3 3 3 3 3 3 3 3 3 3 3 3 3 3 3 3 3 3 3 3 3 3 2.99062499999995 2.97187499999993 2.95312499999995 2.93437499999993 2.91562499999995 2.89687499999994 2.87812499999993 2.85937499999994 2.84062499999993 2.82187499999995 2.80312499999993 2.78437499999995 2.76562499999994 2.74687499999995 2.72812499999994 2.70937499999996 2.69062499999995 2.67187499999996 2.65312499999995 2.63437499999997 2.61562499999995 2.59687499999994 2.57812499999996 2.55937499999994 2.54062499999996 2.52187499999995 2.50312499999997 2.48437499999995 2.46562499999997 2.44687499999996 2.42812499999997 2.40937499999996 2.39062499999998 2.37187499999996 2.35312499999998 2.33437499999997
3 3 3 3 3 3 3 3 3 3 3 3 3 3 3 3 3 3 3 3 3 3 3 3 3 2.99076388888883 2.9722916666666 2.95381944444439 2.93534722222216 2.91687499999995 2.89840277777772 2.87993055555548 2.86145833333328 2.84298611111104 2.82451388888884 2.8060416666666 2.7875694444444 2.76909722222216 2.75062499999996 2.73215277777772 2.71368055555552 2.69520833333328 2.67673611111108 2.65826388888884 2.63979166666663 2.6213194444444 2.60284722222216 2.58437499999996 2.56590277777772 2.54743055555552 2.52895833333328 2.51048611111108 2.49201388888884 2.47354166666664 2.4550694444444 2.4365972222222 2.41812499999996 2.39965277777776 2.38118055555552 2.36270833333332 2.34423611111108
3 3 3 3 3 3 3 3 3 3 3 3 3 3 3 3 3 3 3 3 3 3 3 3 3 2.99090277777772 2.97270833333327 2.95451388888884 2.93631944444438 2.91812499999995 2.8999305555555 2.88173611111104 2.86354166666661 2.84534722222215 2.82715277777773 2.80895833333327 2.79076388888884 2.77256944444438 2.75437499999996 2.7361805555555 2.71798611111107 2.69979166666661 2.68159722222219 2.66340277777773 2.6452083333333 2.62701388888884 2.60881944444439 2.59062499999996 2.5724305555555 2.55423611111107 2.53604166666662 2.51784722222219 2.49965277777773 2.4814583333333 2.46326388888885 2.44506944444442 2.42687499999996 2.40868055555553 2.39048611111108 2.37229166666665 2.35409722222219
3 3 3 3 3 3 3 3 3 3 3 3 3 3 3 3 3 3 3 3 3 3 3 3 3 2.99104166666661 2.97312499999993 2.95520833333328 2.9372916666666 2.91937499999996 2.90145833333328 2.88354166666659 2.86562499999995 2.84770833333327 2.82979166666662 2.81187499999994 2.79395833333329 2.77604166666661 2.75812499999996 2.74020833333328 2.72229166666663 2.70437499999995 2.6864583333333 2.66854166666662 2.65062499999997 2.63270833333329 2.61479166666661 2.59687499999996 2.57895833333328 2.56104166666663 2.54312499999995 2.5252083333333 2.50729166666662 2.48937499999997 2.47145833333329 2.45354166666664 2.43562499999996 2.41770833333331 2.39979166666663 2.38187499999998 2.3639583333333
3 3 3 3 3 3 3 3 3 3 3 3 3 3 3 3 3 3 3 3 3 3 3 3 3 2.9911805555555 2.9735416666666 2.95590277777773 2.93826388888883 2.92062499999996 2.90298611111105 2.88534722222215 2.86770833333328 2.85006944444438 2.83243055555551 2.81479166666661 2.79715277777773 2.77951388888883 2.76187499999996 2.74423611111106 2.72659722222219 2.70895833333328 2.69131944444441 2.67368055555551 2.65604166666664 2.63840277777774 2.62076388888883 2.60312499999996 2.58548611111106 2.56784722222219 2.55020833333329 2.53256944444442 2.51493055555551 2.49729166666664 2.47965277777774 2.46201388888887 2.44437499999997 2.42673611111109 2.40909722222219 2.39145833333332 2.37381944444442
3 3 3 3 3 3 3 3 3 3 3 3 3 3 3 3 3 3 3 3 3 3 3 3 3 2.99131944444439 2.97395833333327 2.95659722222218 2.93923611111105 2.92187499999996 2.90451388888883 2.88715277777771 2.86979166666662 2.85243055555549 2.8350694444444 2.81770833333327 2.80034722222218 2.78298611111105 2.76562499999996 2.74826388888884 2.73090277777774 2.71354166666662 2.69618055555552 2.6788194444444 2.66145833333331 2.64409722222218 2.62673611111106 2.60937499999996 2.59201388888884 2.57465277777774 2.55729166666662 2.53993055555553 2.5225694444444 2.50520833333331 2.48784722222218 2.47048611111109 2.45312499999997 2.43576388888887 2.41840277777775 2.40104166666665 2.38368055555553
3 3 3 3 3 3 3 3 3 3 3 3 3 3 3 3 3 3 3 3 3 3 3 3 3 2.99145833333328 2.97437499999994 2.95729166666662 2.94020833333327 2.92312499999996 2.90604166666661 2.88895833333327 2.87187499999995 2.8547916666666 2.83770833333329 2.82062499999994 2.80354166666662 2.78645833333328 2.76937499999996 2.75229166666661 2.7352083333333 2.71812499999995 2.70104166666664 2.68395833333329 2.66687499999997 2.64979166666663 2.63270833333328 2.61562499999996 2.59854166666662 2.5814583333333 2.56437499999995 2.54729166666664 2.53020833333329 2.51312499999998 2.49604166666663 2.47895833333331 2.46187499999997 2.44479166666665 2.4277083333333 2.41062499999999 2.39354166666664
3 3 3 3 3 3 3 3 3 3 3 3 3 3 3 3 3 3 3 3 3 3 3 3 3 2.99159722222217 2.97479166666661 2.95798611111107 2.9411805555555 2.92437499999996 2.90756944444439 2.89076388888882 2.87395833333328 2.85715277777772 2.84034722222218 2.82354166666661 2.80673611111107 2.7899305555555 2.77312499999996 2.75631944444439 2.73951388888885 2.72270833333329 2.70590277777775 2.68909722222218 2.67229166666664 2.65548611111107 2.6386805555555 2.62187499999996 2.6050694444444 2.58826388888886 2.57145833333329 2.55465277777775 2.53784722222218 2.52104166666664 2.50423611111107 2.48743055555553 2.47062499999997 2.45381944444443 2.43701388888886 2.42020833333332 2.40340277777775
3 3 3 3 3 3 3 3 3 3 3 3 3 3 3 3 3 3 3 3 3 3 3 3 3 2.99173611111106 2.97520833333327 2.95868055555551 2.94215277777772 2.92562499999996 2.90909722222217 2.89256944444438 2.87604166666662 2.85951388888883 2.84298611111107 2.82645833333328 2.80993055555551 2.79340277777772 2.77687499999996 2.76034722222217 2.74381944444441 2.72729166666662 2.71076388888886 2.69423611111107 2.67770833333331 2.66118055555552 2.64465277777773 2.62812499999996 2.61159722222217 2.59506944444441 2.57854166666662 2.56201388888886 2.54548611111107 2.52895833333331 2.51243055555552 2.49590277777776 2.47937499999997 2.46284722222221 2.44631944444442 2.42979166666665 2.41326388888886
3 3 3 3 3 3 3 3 3 3 3 3 3 3 3 3 3 3 3 3 3 3 3 3 3 2.99187499999995 2.97562499999994 2.95937499999996 2.94312499999994 2.92687499999996 2.91062499999995 2.89437499999994 2.87812499999995 2.86187499999994 2.84562499999996 2.82937499999994 2.81312499999996 2.79687499999995 2.78062499999996 2.76437499999995 2.74812499999997 2.73187499999995 2.71562499999997 2.69937499999996 2.68312499999997 2.66687499999996 2.65062499999995 2.63437499999997 2.61812499999995 2.60187499999997 2.58562499999996 2.56937499999997 2.55312499999996 2.53687499999998 2.52062499999996 2.50437499999998 2.48812499999997 2.47187499999998 2.45562499999997 2.43937499999999 2.42312499999998
3 3 3 3 3 3 3 3 3 3 3 3 3 3 3 3 3 3 3 3 3 3 3 3 3 2.99201388888884 2.97604166666661 2.9600694444444 2.94409722222217 2.92812499999996 2.91215277777773 2.89618055555549 2.88020833333329 2.86423611111105 2.84826388888884 2.83229166666661 2.8163194444444 2.80034722222217 2.78437499999996 2.76840277777773 2.75243055555552 2.73645833333329 2.72048611111108 2.70451388888885 2.68854166666664 2.67256944444441 2.65659722222217 2.64062499999997 2.62465277777773 2.60868055555553 2.59270833333329 2.57673611111108 2.56076388888885 2.54479166666664 2.52881944444441 2.5128472222222 2.49687499999997 2.48090277777776 2.46493055555553 2.44895833333332 2.43298611111109
3 3 3 3 3 3 3 3 3 3 3 3 3 3 3 3 3 3 3 3 3 3 3 3 3 2.99215277777773 2.97645833333328 2.96076388888885 2.94506944444439 2.92937499999996 2.9136805555555 2.89798611111105 2.88229166666662 2.86659722222216 2.85090277777773 2.83520833333328 2.81951388888885 2.80381944444439 2.78812499999996 2.77243055555551 2.75673611111108 2.74104166666662 2.72534722222219 2.70965277777774 2.69395833333331 2.67826388888885 2.6625694444444 2.64687499999997 2.63118055555551 2.61548611111108 2.59979166666663 2.5840972222222 2.56840277777774 2.55270833333331 2.53701388888885 2.52131944444443 2.50562499999997 2.48993055555554 2.47423611111108 2.45854166666665 2.4428472222222
3 3 3 3 3 3 3 3 3 3 3 3 3 3 3 3 3 3 3 3 3 3 3 3 3 2.99229166666662 2.97687499999994 2.96145833333329 2.94604166666661 2.93062499999996 2.91520833333328 2.89979166666661 2.88437499999995 2.86895833333328 2.85354166666662 2.83812499999995 2.82270833333329 2.80729166666662 2.79187499999996 2.77645833333329 2.76104166666663 2.74562499999996 2.7302083333333 2.71479166666663 2.69937499999997 2.6839583333333 2.66854166666662 2.65312499999997 2.63770833333329 2.62229166666664 2.60687499999996 2.59145833333331 2.57604166666663 2.56062499999998 2.5452083333333 2.52979166666665 2.51437499999997 2.49895833333332 2.48354166666664 2.46812499999999 2.45270833333331
3 3 3 3 3 3 3 3 3 3 3 3 3 3 3 3 3 3 3 3 3 3 3 3 3 2.99243055555551 2.97729166666661 2.96215277777774 2.94701388888884 2.93187499999996 2.91673611111106 2.90159722222216 2.88645833333329 2.87131944444439 2.85618055555552 2.84104166666661 2.82590277777774 2.81076388888884 2.79562499999997 2.78048611111107 2.76534722222219 2.75020833333329 2.73506944444442 2.71993055555552 2.70479166666664 2.68965277777774 2.67451388888884 2.65937499999997 2.64423611111107 2.6290972222222 2.6139583333333 2.59881944444442 2.58368055555552 2.56854166666665 2.55340277777775 2.53826388888887 2.52312499999997 2.5079861111111 2.4928472222222 2.47770833333333 2.46256944444443
3 3 3 3 3 3 3 3 3 3 3 3 3 3 3 3 3 3 3 3 3 3 3 3 3 2.9925694444444 2.97770833333328 2.96284722222218 2.94798611111106 2.93312499999996 2.91826388888884 2.90340277777772 2.88854166666662 2.8736805555555 2.8588194444444 2.84395833333328 2.82909722222219 2.81423611111106 2.79937499999997 2.78451388888885 2.76965277777775 2.75479166666663 2.73993055555553 2.72506944444441 2.71020833333331 2.69534722222219 2.68048611111107 2.66562499999997 2.65076388888885 2.63590277777775 2.62104166666663 2.60618055555553 2.59131944444441 2.57645833333332 2.56159722222219 2.5467361111111 2.53187499999997 2.51701388888888 2.50215277777776 2.48729166666666 2.47243055555554
3 3 3 3 3 3 3 3 3 3 3 3 3 3 3 3 3 3 3 3 3 3 3 3 3 2.99270833333329 2.97812499999995 2.96354166666663 2.94895833333328 2.93437499999996 2.91979166666662 2.90520833333328 2.89062499999996 2.87604166666661 2.86145833333329 2.84687499999995 2.83229166666663 2.81770833333329 2.80312499999997 2.78854166666662 2.7739583333333 2.75937499999996 2.74479166666664 2.7302083333333 2.71562499999998 2.70104166666663 2.68645833333329 2.67187499999997 2.65729166666663 2.64270833333331 2.62812499999996 2.61354166666665 2.5989583333333 2.58437499999998 2.56979166666664 2.55520833333332 2.54062499999998 2.52604166666666 2.51145833333331 2.49687499999999 2.48229166666665
