gis_app/2016/data/bd_soc.asc
NCOLS 558 
NROWS 707 
XLLCORNER 88.016666667 
YLLCORNER 20.741666667 
CELLSIZE 0.00833333333333334 
NODATA_value -3.4e+38 
[rows 324 to 350 of 707, columns 122 to 182 of 558]
3.27270833333331 3.26201388888885 3.25131944444442 3.24062499999997 3.22993055555551 3.21923611111108 3.20854166666662 3.19784722222219 3.18715277777774 3.1764583333333 3.16576388888885 3.15506944444441 3.14437499999996 3.13368055555553 3.12298611111107 3.11229166666664 3.10159722222219 3.09090277777773 3.0802083333333 3.06951388888884 3.05881944444441 3.04812499999996 3.03743055555552 3.02673611111107 3.01604166666663 3.00534722222218 3 3 3 3 3 3 3 3 3 3 3 3 3 3 3 3 3 3 3 3 3 3 3 3 3 3 3 3 3 3 3 3 3 3 3
3.27979166666664 3.26881944444441 3.2578472222222 3.24687499999996 3.23590277777773 3.22493055555552 3.21395833333329 3.20298611111108 3.19201388888885 3.18104166666663 3.1700694444444 3.15909722222219 3.14812499999996 3.13715277777775 3.12618055555552 3.1152083333333 3.10423611111107 3.09326388888884 3.08229166666663 3.0713194444444 3.06034722222219 3.04937499999996 3.03840277777774 3.02743055555551 3.0164583333333 3.00548611111107 3 3 3 3 3 3 3 3 3 3 3 3 3 3 3 3 3 3 3 3 3 3 3 3 3 3 3 3 3 3 3 3 3 3 3
3.28687499999997 3.27562499999996 3.26437499999997 3.25312499999996 3.24187499999995 3.23062499999996 3.21937499999996 3.20812499999997 3.19687499999996 3.18562499999997 3.17437499999996 3.16312499999997 3.15187499999996 3.14062499999997 3.12937499999996 3.11812499999997 3.10687499999996 3.09562499999995 3.08437499999996 3.07312499999995 3.06187499999996 3.05062499999995 3.03937499999996 3.02812499999995 3.01687499999997 3.00562499999996 3 3 3 3 3 3 3 3 3 3 3 3 3 3 3 3 3 3 3 3 3 3 3 3 3 3 3 3 3 3 3 3 3 3 3
3.2939583333333 3.28243055555552 3.27090277777775 3.25937499999996 3.24784722222218 3.23631944444441 3.22479166666662 3.21326388888885 3.20173611111107 3.1902083333333 3.17868055555551 3.16715277777774 3.15562499999996 3.14409722222219 3.1325694444444 3.12104166666664 3.10951388888885 3.09798611111106 3.08645833333329 3.07493055555551 3.06340277777774 3.05187499999995 3.04034722222219 3.0288194444444 3.01729166666663 3.00576388888884 3 3 3 3 3 3 3 3 3 3 3 3 3 3 3 3 3 3 3 3 3 3 3 3 3 3 3 3 3 3 3 3 3 3 3
3.30104166666664 3.28923611111107 3.27743055555553 3.26562499999996 3.2538194444444 3.24201388888885 3.23020833333329 3.21840277777774 3.20659722222218 3.19479166666663 3.18298611111107 3.17118055555552 3.15937499999996 3.14756944444441 3.13576388888885 3.1239583333333 3.11215277777774 3.10034722222217 3.08854166666663 3.07673611111106 3.06493055555552 3.05312499999995 3.04131944444441 3.02951388888884 3.0177083333333 3.00590277777773 3 3 3 3 3 3 3 3 3 3 3 3 3 3 3 3 3 3 3 3 3 3 3 3 3 3 3 3 3 3 3 3 3 3 3
3.30812499999997 3.29604166666662 3.2839583333333 3.27187499999996 3.25979166666662 3.24770833333329 3.23562499999995 3.22354166666663 3.21145833333329 3.19937499999996 3.18729166666662 3.1752083333333 3.16312499999996 3.15104166666663 3.13895833333329 3.12687499999997 3.11479166666662 3.10270833333328 3.09062499999996 3.07854166666662 3.06645833333329 3.05437499999995 3.04229166666663 3.03020833333329 3.01812499999996 3.00604166666662 3 3 3 3 3 3 3 3 3 3 3 3 3 3 3 3 3 3 3 3 3 3 3 3 3 3 3 3 3 3 3 3 3 3 3
3.3152083333333 3.30284722222218 3.29048611111108 3.27812499999996 3.26576388888884 3.25340277777774 3.24104166666662 3.22868055555552 3.2163194444444 3.2039583333333 3.19159722222218 3.17923611111108 3.16687499999996 3.15451388888886 3.14215277777773 3.12979166666663 3.11743055555551 3.10506944444439 3.09270833333329 3.08034722222217 3.06798611111107 3.05562499999995 3.04326388888885 3.03090277777773 3.01854166666663 3.00618055555551 3 3 3 3 3 3 3 3 3 3 3 3 3 3 3 3 3 3 3 3 3 3 3 3 3 3 3 3 3 3 3 3 3 3 3
3.32229166666664 3.30965277777774 3.29701388888886 3.28437499999996 3.27173611111106 3.25909722222218 3.24645833333328 3.23381944444441 3.22118055555551 3.20854166666663 3.19590277777773 3.18326388888885 3.17062499999995 3.15798611111108 3.14534722222218 3.1327083333333 3.1200694444444 3.1074305555555 3.09479166666662 3.08215277777773 3.06951388888885 3.05687499999995 3.04423611111107 3.03159722222217 3.01895833333329 3.0063194444444 3 3 3 3 3 3 3 3 3 3 3 3 3 3 3 3 3 3 3 3 3 3 3 3 3 3 3 3 3 3 3 3 3 3 3
3.32937499999997 3.31645833333329 3.30354166666663 3.29062499999996 3.27770833333328 3.26479166666663 3.25187499999995 3.23895833333329 3.22604166666662 3.21312499999996 3.20020833333328 3.18729166666663 3.17437499999995 3.1614583333333 3.14854166666662 3.13562499999997 3.12270833333329 3.10979166666661 3.09687499999996 3.08395833333328 3.07104166666662 3.05812499999995 3.04520833333329 3.03229166666662 3.01937499999996 3.00645833333328 3 3 3 3 3 3 3 3 3 3 3 3 3 3 3 3 3 3 3 3 3 3 3 3 3 3 3 3 3 3 3 3 3 3 3
3.3364583333333 3.32326388888884 3.31006944444441 3.29687499999996 3.2836805555555 3.27048611111107 3.25729166666661 3.24409722222218 3.23090277777773 3.21770833333329 3.20451388888884 3.19131944444441 3.17812499999995 3.16493055555552 3.15173611111106 3.13854166666663 3.12534722222218 3.11215277777772 3.09895833333329 3.08576388888883 3.0725694444444 3.05937499999995 3.04618055555551 3.03298611111106 3.01979166666663 3.00659722222217 3 3 3 3 3 3 3 3 3 3 3 3 3 3 3 3 3 3 3 3 3 3 3 3 3 3 3 3 3 3 3 3 3 3 3
3.34354166666663 3.3300694444444 3.31659722222219 3.30312499999996 3.28965277777772 3.27618055555551 3.26270833333328 3.24923611111107 3.23576388888884 3.22229166666663 3.20881944444439 3.19534722222218 3.18187499999995 3.16840277777774 3.15493055555551 3.1414583333333 3.12798611111106 3.11451388888883 3.10104166666662 3.08756944444439 3.07409722222218 3.06062499999995 3.04715277777774 3.0336805555555 3.02020833333329 3.00673611111106 3 3 3 3 3 3 3 3 3 3 3 3 3 3 3 3 3 3 3 3 3 3 3 3 3 3 3 3 3 3 3 3 3 3 3
3.35062499999996 3.33687499999995 3.32312499999997 3.30937499999995 3.29562499999994 3.28187499999996 3.26812499999994 3.25437499999996 3.24062499999995 3.22687499999996 3.21312499999995 3.19937499999996 3.18562499999995 3.17187499999996 3.15812499999995 3.14437499999996 3.13062499999995 3.11687499999994 3.10312499999995 3.08937499999994 3.07562499999996 3.06187499999994 3.04812499999996 3.03437499999995 3.02062499999996 3.00687499999995 3 3 3 3 3 3 3 3 3 3 3 3 3 3 3 3 3 3 3 3 3 3 3 3 3 3 3 3 3 3 3 3 3 3 3
3.3577083333333 3.34368055555551 3.32965277777774 3.31562499999995 3.30159722222216 3.2875694444444 3.27354166666661 3.25951388888884 3.24548611111106 3.23145833333329 3.2174305555555 3.20340277777774 3.18937499999995 3.17534722222218 3.16131944444439 3.14729166666663 3.13326388888884 3.11923611111105 3.10520833333329 3.0911805555555 3.07715277777773 3.06312499999994 3.04909722222218 3.03506944444439 3.02104166666662 3.00701388888883 3 3 3 3 3 3 3 3 3 3 3 3 3 3 3 3 3 3 3 3 3 3 3 3 3 3 3 3 3 3 3 3 3 3 3
3.36479166666663 3.35048611111106 3.33618055555552 3.32187499999995 3.30756944444438 3.29326388888884 3.27895833333328 3.26465277777773 3.25034722222217 3.23604166666662 3.22173611111106 3.20743055555551 3.19312499999995 3.1788194444444 3.16451388888884 3.15020833333329 3.13590277777773 3.12159722222216 3.10729166666662 3.09298611111105 3.07868055555551 3.06437499999994 3.0500694444444 3.03576388888883 3.02145833333329 3.00715277777772 3 3 3 3 3 3 3 3 3 3 3 3 3 3 3 3 3 3 3 3 3 3 3 3 3 3 3 3 3 3 3 3 3 3 3
3.37187499999996 3.35729166666662 3.3427083333333 3.32812499999995 3.31354166666661 3.29895833333329 3.28437499999994 3.26979166666662 3.25520833333328 3.24062499999996 3.22604166666661 3.21145833333329 3.19687499999995 3.18229166666663 3.16770833333328 3.15312499999996 3.13854166666662 3.12395833333327 3.10937499999995 3.09479166666661 3.08020833333329 3.06562499999994 3.05104166666662 3.03645833333328 3.02187499999996 3.00729166666661 3 3 3 3 3 3 3 3 3 3 3 3 3 3 3 3 3 3 3 3 3 3 3 3 3 3 3 3 3 3 3 3 3 3 3
3.37895833333329 3.36409722222217 3.34923611111107 3.33437499999995 3.31951388888883 3.30465277777773 3.28979166666661 3.27493055555551 3.26006944444438 3.24520833333329 3.23034722222216 3.21548611111107 3.20062499999994 3.18576388888885 3.17090277777772 3.15604166666663 3.1411805555555 3.12631944444438 3.11145833333328 3.09659722222216 3.08173611111106 3.06687499999994 3.05201388888884 3.03715277777772 3.02229166666662 3.0074305555555 3 3 3 3 3 3 3 3 3 3 3 3 3 3 3 3 3 3 3 3 3 3 3 3 3 3 3 3 3 3 3 3 3 3 3
3.38604166666663 3.37090277777773 3.35576388888885 3.34062499999995 3.32548611111105 3.31034722222217 3.29520833333327 3.2800694444444 3.2649305555555 3.24979166666662 3.23465277777772 3.21951388888885 3.20437499999994 3.18923611111107 3.17409722222217 3.15895833333329 3.14381944444439 3.12868055555549 3.11354166666662 3.09840277777771 3.08326388888884 3.06812499999994 3.05298611111106 3.03784722222216 3.02270833333329 3.00756944444439 3 3 3 3 3 3 3 3 3 3 3 3 3 3 3 3 3 3 3 3 3 3 3 3 3 3 3 3 3 3 3 3 3 3 3
3.39312499999996 3.37770833333328 3.36229166666663 3.34687499999995 3.33145833333327 3.31604166666662 3.30062499999994 3.28520833333329 3.26979166666661 3.25437499999995 3.23895833333327 3.22354166666662 3.20812499999994 3.19270833333329 3.17729166666661 3.16187499999996 3.14645833333328 3.1310416666666 3.11562499999995 3.10020833333327 3.08479166666662 3.06937499999994 3.05395833333328 3.03854166666661 3.02312499999995 3.00770833333327 3 3 3 3 3 3 3 3 3 3 3 3 3 3 3 3 3 3 3 3 3 3 3 3 3 3 3 3 3 3 3 3 3 3 3
3.40020833333329 3.38451388888883 3.36881944444441 3.35312499999995 3.33743055555549 3.32173611111106 3.3060416666666 3.29034722222217 3.27465277777772 3.25895833333329 3.24326388888883 3.2275694444444 3.21187499999994 3.19618055555551 3.18048611111105 3.16479166666662 3.14909722222217 3.13340277777771 3.11770833333328 3.10201388888882 3.08631944444439 3.07062499999994 3.05493055555551 3.03923611111105 3.02354166666662 3.00784722222216 3 3 3 3 3 3 3 3 3 3 3 3 3 3 3 3 3 3 3 3 3 3 3 3 3 3 3 3 3 3 3 3 3 3 3
3.40729166666662 3.39131944444439 3.37534722222218 3.35937499999995 3.34340277777771 3.3274305555555 3.31145833333327 3.29548611111106 3.27951388888883 3.26354166666662 3.24756944444438 3.23159722222218 3.21562499999994 3.19965277777773 3.1836805555555 3.16770833333329 3.15173611111106 3.13576388888882 3.11979166666661 3.10381944444438 3.08784722222217 3.07187499999994 3.05590277777773 3.03993055555549 3.02395833333328 3.00798611111105 3 3 3 3 3 3 3 3 3 3 3 3 3 3 3 3 3 3 3 3 3 3 3 3 3 3 3 3 3 3 3 3 3 3 3
3.41437499999996 3.39812499999994 3.38187499999996 3.36562499999995 3.34937499999993 3.33312499999995 3.31687499999993 3.30062499999995 3.28437499999994 3.26812499999995 3.25187499999994 3.23562499999995 3.21937499999994 3.20312499999995 3.18687499999994 3.17062499999996 3.15437499999994 3.13812499999993 3.12187499999994 3.10562499999993 3.08937499999995 3.07312499999993 3.05687499999995 3.04062499999994 3.02437499999995 3.00812499999994 3 3 3 3 3 3 3 3 3 3 3 3 3 3 3 3 3 3 3 3 3 3 3 3 3 3 3 3 3 3 3 3 3 3 3
3.42145833333329 3.4049305555555 3.38840277777773 3.37187499999994 3.35534722222215 3.33881944444439 3.3222916666666 3.30576388888884 3.28923611111105 3.27270833333328 3.25618055555549 3.23965277777773 3.22312499999994 3.20659722222218 3.19006944444438 3.17354166666662 3.15701388888883 3.14048611111104 3.12395833333328 3.10743055555549 3.09090277777772 3.07437499999993 3.05784722222217 3.04131944444438 3.02479166666662 3.00826388888883 3 3 3 3 3 3 3 3 3 3 3 3 3 3 3 3 3 3 3 3 3 3 3 3 3 3 3 3 3 3 3 3 3 3 3
3.42979166666662 3.41326388888883 3.39673611111107 3.38020833333328 3.36368055555549 3.34715277777772 3.33062499999993 3.31409722222217 3.29756944444438 3.28104166666662 3.26451388888882 3.24798611111106 3.23145833333327 3.21493055555551 3.19840277777772 3.18187499999995 3.16534722222216 3.14881944444437 3.13229166666661 3.11576388888882 3.09923611111106 3.08270833333327 3.0661805555555 3.04965277777771 3.03312499999995 3.01659722222216 3.00854166666667 3.00895833333333 3.009375 3.00979166666667 3.01020833333333 3.010625 3.01104166666667 3.01145833333333 3.011875 3.01229166666667 3.01270833333333 3.013125 3.01354166666667 3.01395833333333 3.014375 3.01479166666667 3.01520833333333 3.015625 3.01604166666667 3.01645833333333 3.016875 3.01729166666667 3.01770833333333 3.018125 3.01854166666667 3.01895833333333 3.019375 3.01979166666667 3.02020833333333 3.020625 3.02104166666667 3.02145833333333 3.021875 3.02229166666667 3.02270833333333
3.43937499999995 3.42312499999994 3.40687499999996 3.39062499999994 3.37437499999993 3.35812499999995 3.34187499999993 3.32562499999995 3.30937499999993 3.29312499999995 3.27687499999994 3.26062499999995 3.24437499999994 3.22812499999995 3.21187499999994 3.19562499999995 3.17937499999994 3.16312499999993 3.14687499999994 3.13062499999993 3.11437499999995 3.09812499999993 3.08187499999995 3.06562499999993 3.04937499999995 3.03312499999994 3.025625 3.026875 3.028125 3.029375 3.030625 3.031875 3.033125 3.034375 3.035625 3.036875 3.038125 3.039375 3.040625 3.041875 3.043125 3.044375 3.045625 3.046875 3.048125 3.049375 3.050625 3.051875 3.053125 3.054375 3.055625 3.056875 3.058125 3.059375 3.060625 3.061875 3.063125 3.064375 3.065625 3.066875 3.068125
3.44895833333329 3.43298611111105 3.41701388888885 3.40104166666661 3.38506944444438 3.36909722222217 3.35312499999993 3.33715277777773 3.32118055555549 3.30520833333328 3.28923611111105 3.27326388888884 3.2572916666666 3.2413194444444 3.22534722222216 3.20937499999995 3.19340277777772 3.17743055555548 3.16145833333328 3.14548611111104 3.12951388888883 3.1135416666666 3.09756944444439 3.08159722222216 3.06562499999995 3.04965277777771 3.04270833333334 3.04479166666667 3.046875 3.04895833333334 3.05104166666667 3.053125 3.05520833333334 3.05729166666667 3.05937500000001 3.06145833333334 3.06354166666667 3.065625 3.06770833333334 3.06979166666667 3.071875 3.07395833333334 3.07604166666667 3.078125 3.08020833333334 3.08229166666667 3.084375 3.08645833333334 3.08854166666667 3.090625 3.09270833333334 3.09479166666667 3.096875 3.09895833333334 3.10104166666667 3.103125 3.10520833333333 3.10729166666667 3.109375 3.11145833333333 3.11354166666667
3.45854166666663 3.44284722222217 3.42715277777774 3.41145833333328 3.39576388888883 3.3800694444444 3.36437499999994 3.34868055555551 3.33298611111105 3.31729166666662 3.30159722222216 3.28590277777773 3.27020833333328 3.25451388888885 3.23881944444439 3.22312499999996 3.2074305555555 3.19173611111105 3.17604166666662 3.16034722222216 3.14465277777773 3.12895833333327 3.11326388888884 3.09756944444439 3.08187499999996 3.0661805555555 3.05979166666668 3.06270833333335 3.06562500000001 3.06854166666668 3.07145833333335 3.07437500000001 3.07729166666668 3.08020833333335 3.08312500000002 3.08604166666668 3.08895833333335 3.09187500000002 3.09479166666668 3.09770833333335 3.10062500000002 3.10354166666668 3.10645833333335 3.10937500000002 3.11229166666668 3.11520833333335 3.11812500000002 3.12104166666669 3.12395833333335 3.12687500000002 3.12979166666668 3.13270833333335 3.13562500000002 3.13854166666669 3.14145833333335 3.14437500000002 3.14729166666668 3.15020833333335 3.15312500000002 3.15604166666669 3.15895833333335
3.46812499999996 3.45270833333328 3.43729166666663 3.42187499999995 3.40645833333327 3.39104166666662 3.37562499999994 3.36020833333329 3.34479166666661 3.32937499999995 3.31395833333328 3.29854166666662 3.28312499999994 3.26770833333329 3.25229166666661 3.23687499999996 3.22145833333328 3.2060416666666 3.19062499999995 3.17520833333327 3.15979166666662 3.14437499999994 3.12895833333329 3.11354166666661 3.09812499999996 3.08270833333328 3.07687500000001 3.08062500000002 3.08437500000001 3.08812500000002 3.09187500000001 3.09562500000002 3.09937500000002 3.10312500000002 3.10687500000002 3.11062500000002 3.11437500000002 3.11812500000002 3.12187500000002 3.12562500000002 3.12937500000002 3.13312500000002 3.13687500000002 3.14062500000002 3.14437500000002 3.14812500000002 3.15187500000002 3.15562500000002 3.15937500000002 3.16312500000002 3.16687500000002 3.17062500000002 3.17437500000002 3.17812500000002 3.18187500000002 3.18562500000002 3.18937500000002 3.19312500000002 3.19687500000002 3.20062500000002 3.20437500000002
