gis_app/2016/data/bd_soc.asc
NCOLS 558 
NROWS 707 
XLLCORNER 88.016666667 
YLLCORNER 20.741666667 
CELLSIZE 0.00833333333333334 
NODATA_value -3.4e+38 
[rows 567 to 593 of 707, columns 244 to 304 of 558]
1.23333333333349 1.23333333333349 1.23333333333349 1.23333333333349 1.23333333333349 1.23333333333349 1.23333333333349 1.23333333333349 1.23333333333349 1.23333333333349 1.23333333333349 1.23333333333349 1.23333333333349 1.23333333333349 1.23333333333349 1.23333333333349 1.23333333333349 1.23333333333349 1.23333333333349 1.23333333333349 1.23333333333349 1.23333333333349 1.23333333333349 1.23333333333349 1.22819444444457 1.21791666666678 1.20763888888901 1.19736111111123 1.18708333333344 1.17680555555567 1.16652777777788 1.15625000000011 1.14597222222232 1.13569444444456 1.12541666666677 1.115138888889 1.10486111111121 1.09458333333344 1.08430555555565 1.07402777777788 1.0637500000001 1.05347222222233 1.04319444444454 1.03291666666675 1.02263888888898 1.0123611111112 1.00208333333343 0.991805555555639 0.981527777777869 0.971250000000082 0.960972222222312 0.950694444444525 0.940416666666755 0.930138888888968 0.919861111111198 0.909583333333411 0.899305555555641 0.889027777777854 0.878750000000067 0.868472222222297 0.85819444444451
1.16666666666683 1.16666666666683 1.16666666666683 1.16666666666683 1.16666666666683 1.16666666666683 1.16666666666683 1.16666666666683 1.16666666666683 1.16666666666683 1.16666666666683 1.16666666666683 1.16666666666683 1.16666666666683 1.16666666666683 1.16666666666683 1.16666666666683 1.16666666666683 1.16666666666683 1.16666666666683 1.16666666666683 1.16666666666683 1.16666666666683 1.16666666666683 1.16180555555569 1.15208333333346 1.14236111111124 1.13263888888901 1.12291666666678 1.11319444444456 1.10347222222233 1.09375000000012 1.08402777777789 1.07430555555567 1.06458333333344 1.05486111111123 1.04513888888899 1.03541666666678 1.02569444444455 1.01597222222233 1.0062500000001 0.996527777777888 0.986805555555656 0.977083333333425 0.96736111111121 0.957638888888979 0.947916666666764 0.938194444444533 0.928472222222318 0.918750000000087 0.909027777777872 0.899305555555641 0.889583333333426 0.879861111111195 0.87013888888898 0.860416666666749 0.850694444444534 0.840972222222303 0.831250000000072 0.821527777777857 0.811805555555626
1.10000000000016 1.10000000000016 1.10000000000016 1.10000000000016 1.10000000000016 1.10000000000016 1.10000000000016 1.10000000000016 1.10000000000016 1.10000000000016 1.10000000000016 1.10000000000016 1.10000000000016 1.10000000000016 1.10000000000016 1.10000000000016 1.10000000000016 1.10000000000016 1.10000000000016 1.10000000000016 1.10000000000016 1.10000000000016 1.10000000000016 1.10000000000016 1.0954166666668 1.08625000000013 1.07708333333347 1.06791666666679 1.05875000000012 1.04958333333346 1.04041666666678 1.03125000000012 1.02208333333345 1.01291666666679 1.00375000000011 0.994583333333453 0.985416666666778 0.976250000000118 0.967083333333443 0.957916666666783 0.948750000000108 0.939583333333448 0.930416666666773 0.921250000000097 0.912083333333438 0.902916666666762 0.893750000000103 0.884583333333427 0.875416666666768 0.866250000000092 0.857083333333433 0.847916666666757 0.838750000000098 0.829583333333422 0.820416666666762 0.811250000000087 0.802083333333427 0.792916666666752 0.783750000000077 0.774583333333417 0.765416666666742
1.0333333333335 1.0333333333335 1.0333333333335 1.0333333333335 1.0333333333335 1.0333333333335 1.0333333333335 1.0333333333335 1.0333333333335 1.0333333333335 1.0333333333335 1.0333333333335 1.0333333333335 1.0333333333335 1.0333333333335 1.0333333333335 1.0333333333335 1.0333333333335 1.0333333333335 1.0333333333335 1.0333333333335 1.0333333333335 1.0333333333335 1.0333333333335 1.02902777777792 1.0204166666668 1.0118055555557 1.00319444444458 0.994583333333457 0.985972222222353 0.977361111111233 0.968750000000129 0.960138888889009 0.951527777777905 0.942916666666785 0.934305555555681 0.925694444444561 0.917083333333456 0.908472222222337 0.899861111111232 0.891250000000113 0.882638888889008 0.874027777777889 0.86541666666677 0.856805555555665 0.848194444444546 0.839583333333441 0.830972222222322 0.822361111111217 0.813750000000098 0.805138888888993 0.796527777777873 0.787916666666769 0.779305555555649 0.770694444444545 0.762083333333425 0.753472222222321 0.744861111111201 0.736250000000082 0.727638888888977 0.719027777777858
0.966666666666811 0.966666666666811 0.966666666666811 0.966666666666811 0.966666666666811 0.966666666666811 0.966666666666811 0.966666666666811 0.966666666666811 0.966666666666811 0.966666666666811 0.966666666666811 0.966666666666811 0.966666666666811 0.966666666666811 0.966666666666811 0.966666666666811 0.966666666666811 0.966666666666811 0.966666666666811 0.966666666666811 0.966666666666811 0.966666666666811 0.966666666666811 0.962638888889009 0.954583333333445 0.946527777777896 0.938472222222333 0.930416666666769 0.92236111111122 0.914305555555657 0.906250000000107 0.898194444444544 0.890138888888995 0.882083333333432 0.874027777777882 0.865972222222319 0.85791666666677 0.849861111111207 0.841805555555657 0.833750000000094 0.825694444444545 0.817638888888981 0.809583333333418 0.801527777777869 0.793472222222306 0.785416666666756 0.777361111111193 0.769305555555644 0.76125000000008 0.753194444444531 0.745138888888968 0.737083333333418 0.729027777777855 0.720972222222306 0.712916666666743 0.704861111111193 0.69680555555563 0.688750000000067 0.680694444444518 0.672638888888954
0.900000000000148 0.900000000000148 0.900000000000148 0.900000000000148 0.900000000000148 0.900000000000148 0.900000000000148 0.900000000000148 0.900000000000148 0.900000000000148 0.900000000000148 0.900000000000148 0.900000000000148 0.900000000000148 0.900000000000148 0.900000000000148 0.900000000000148 0.900000000000148 0.900000000000148 0.900000000000148 0.900000000000148 0.900000000000148 0.900000000000148 0.900000000000148 0.896250000000125 0.888750000000118 0.881250000000123 0.873750000000116 0.866250000000109 0.858750000000115 0.851250000000107 0.843750000000113 0.836250000000106 0.828750000000111 0.821250000000104 0.81375000000011 0.806250000000102 0.798750000000108 0.791250000000101 0.783750000000107 0.776250000000099 0.768750000000105 0.761250000000098 0.753750000000091 0.746250000000096 0.738750000000089 0.731250000000095 0.723750000000087 0.716250000000093 0.708750000000086 0.701250000000091 0.693750000000084 0.68625000000009 0.678750000000082 0.671250000000088 0.663750000000081 0.656250000000086 0.648750000000079 0.641250000000072 0.633750000000078 0.62625000000007
0.833333333333485 0.833333333333485 0.833333333333485 0.833333333333485 0.833333333333485 0.833333333333485 0.833333333333485 0.833333333333485 0.833333333333485 0.833333333333485 0.833333333333485 0.833333333333485 0.833333333333485 0.833333333333485 0.833333333333485 0.833333333333485 0.833333333333485 0.833333333333485 0.833333333333485 0.833333333333485 0.833333333333485 0.833333333333485 0.833333333333485 0.833333333333485 0.829861111111242 0.82291666666679 0.815972222222351 0.8090277777779 0.802083333333449 0.795138888889009 0.788194444444558 0.781250000000118 0.774305555555667 0.767361111111228 0.760416666666777 0.753472222222337 0.746527777777886 0.739583333333447 0.732638888888995 0.725694444444556 0.718750000000105 0.711805555555665 0.704861111111214 0.697916666666763 0.690972222222323 0.684027777777872 0.677083333333433 0.670138888888982 0.663194444444542 0.656250000000091 0.649305555555652 0.6423611111112 0.635416666666761 0.62847222222231 0.62152777777787 0.614583333333419 0.60763888888898 0.600694444444528 0.593750000000077 0.586805555555638 0.579861111111187
0.766666666666822 0.766666666666822 0.766666666666822 0.766666666666822 0.766666666666822 0.766666666666822 0.766666666666822 0.766666666666822 0.766666666666822 0.766666666666822 0.766666666666822 0.766666666666822 0.766666666666822 0.766666666666822 0.766666666666822 0.766666666666822 0.766666666666822 0.766666666666822 0.766666666666822 0.766666666666822 0.766666666666822 0.766666666666822 0.766666666666822 0.766666666666822 0.763472222222358 0.757083333333463 0.750694444444578 0.744305555555683 0.737916666666788 0.731527777777903 0.725138888889008 0.718750000000124 0.712361111111229 0.705972222222344 0.699583333333449 0.693194444444565 0.686805555555669 0.680416666666785 0.67402777777789 0.667638888889005 0.66125000000011 0.654861111111226 0.64847222222233 0.642083333333435 0.635694444444551 0.629305555555655 0.622916666666771 0.616527777777876 0.610138888888991 0.603750000000096 0.597361111111212 0.590972222222317 0.584583333333432 0.578194444444537 0.571805555555652 0.565416666666757 0.559027777777873 0.552638888888978 0.546250000000082 0.539861111111198 0.533472222222303
0.700000000000159 0.700000000000159 0.700000000000159 0.700000000000159 0.700000000000159 0.700000000000159 0.700000000000159 0.700000000000159 0.700000000000159 0.700000000000159 0.700000000000159 0.700000000000159 0.700000000000159 0.700000000000159 0.700000000000159 0.700000000000159 0.700000000000159 0.700000000000159 0.700000000000159 0.700000000000159 0.700000000000159 0.700000000000159 0.700000000000159 0.700000000000159 0.697083333333475 0.691250000000135 0.685416666666806 0.679583333333467 0.673750000000127 0.667916666666798 0.662083333333459 0.656250000000129 0.65041666666679 0.644583333333461 0.638750000000121 0.632916666666792 0.627083333333453 0.621250000000123 0.615416666666784 0.609583333333455 0.603750000000115 0.597916666666786 0.592083333333447 0.586250000000107 0.580416666666778 0.574583333333439 0.568750000000109 0.56291666666677 0.557083333333441 0.551250000000101 0.545416666666772 0.539583333333433 0.533750000000103 0.527916666666764 0.522083333333435 0.516250000000095 0.510416666666766 0.504583333333427 0.498750000000088 0.492916666666758 0.487083333333419
0.633333333333496 0.633333333333496 0.633333333333496 0.633333333333496 0.633333333333496 0.633333333333496 0.633333333333496 0.633333333333496 0.633333333333496 0.633333333333496 0.633333333333496 0.633333333333496 0.633333333333496 0.633333333333496 0.633333333333496 0.633333333333496 0.633333333333496 0.633333333333496 0.633333333333496 0.633333333333496 0.633333333333496 0.633333333333496 0.633333333333496 0.633333333333496 0.630694444444591 0.625416666666808 0.620138888889033 0.61486111111125 0.609583333333467 0.604305555555692 0.599027777777909 0.593750000000135 0.588472222222351 0.583194444444577 0.577916666666794 0.572638888889019 0.567361111111236 0.562083333333462 0.556805555555678 0.551527777777904 0.546250000000121 0.540972222222346 0.535694444444563 0.53041666666678 0.525138888889005 0.519861111111222 0.514583333333448 0.509305555555664 0.50402777777789 0.498750000000107 0.493472222222332 0.488194444444549 0.482916666666775 0.477638888888991 0.472361111111217 0.467083333333434 0.461805555555659 0.456527777777876 0.451250000000093 0.445972222222318 0.440694444444535
0.566666666666833 0.566666666666833 0.566666666666833 0.566666666666833 0.566666666666833 0.566666666666833 0.566666666666833 0.566666666666833 0.566666666666833 0.566666666666833 0.566666666666833 0.566666666666833 0.566666666666833 0.566666666666833 0.566666666666833 0.566666666666833 0.566666666666833 0.566666666666833 0.566666666666833 0.566666666666833 0.566666666666833 0.566666666666833 0.566666666666833 0.566666666666833 0.564305555555708 0.55958333333348 0.554861111111261 0.550138888889034 0.545416666666806 0.540694444444587 0.53597222222236 0.53125000000014 0.526527777777913 0.521805555555694 0.517083333333466 0.512361111111247 0.50763888888902 0.5029166666668 0.498194444444573 0.493472222222353 0.488750000000126 0.484027777777907 0.479305555555679 0.474583333333452 0.469861111111233 0.465138888889005 0.460416666666786 0.455694444444559 0.450972222222339 0.446250000000112 0.441527777777893 0.436805555555665 0.432083333333446 0.427361111111219 0.422638888888999 0.417916666666772 0.413194444444553 0.408472222222325 0.403750000000098 0.399027777777879 0.394305555555651
0.500000000000171 0.500000000000171 0.500000000000171 0.500000000000171 0.500000000000171 0.500000000000171 0.500000000000171 0.500000000000171 0.500000000000171 0.500000000000171 0.500000000000171 0.500000000000171 0.500000000000171 0.500000000000171 0.500000000000171 0.500000000000171 0.500000000000171 0.500000000000171 0.500000000000171 0.500000000000171 0.500000000000171 0.500000000000171 0.500000000000171 0.500000000000171 0.497916666666824 0.493750000000153 0.489583333333488 0.485416666666817 0.481250000000146 0.477083333333481 0.47291666666681 0.468750000000146 0.464583333333474 0.46041666666681 0.456250000000139 0.452083333333474 0.447916666666803 0.443750000000139 0.439583333333467 0.435416666666803 0.431250000000131 0.427083333333467 0.422916666666796 0.418750000000124 0.41458333333346 0.410416666666789 0.406250000000124 0.402083333333453 0.397916666666789 0.393750000000117 0.389583333333453 0.385416666666782 0.381250000000117 0.377083333333446 0.372916666666782 0.36875000000011 0.364583333333446 0.360416666666774 0.356250000000103 0.352083333333439 0.347916666666767
0.433333333333508 0.433333333333508 0.433333333333508 0.433333333333508 0.433333333333508 0.433333333333508 0.433333333333508 0.433333333333508 0.433333333333508 0.433333333333508 0.433333333333508 0.433333333333508 0.433333333333508 0.433333333333508 0.433333333333508 0.433333333333508 0.433333333333508 0.433333333333508 0.433333333333508 0.433333333333508 0.433333333333508 0.433333333333508 0.433333333333508 0.433333333333508 0.431527777777941 0.427916666666825 0.424305555555716 0.420694444444601 0.417083333333485 0.413472222222376 0.40986111111126 0.406250000000151 0.402638888889036 0.399027777777926 0.395416666666811 0.391805555555702 0.388194444444586 0.384583333333477 0.380972222222361 0.377361111111252 0.373750000000137 0.370138888889028 0.366527777777912 0.362916666666797 0.359305555555687 0.355694444444572 0.352083333333463 0.348472222222347 0.344861111111238 0.341250000000123 0.337638888889013 0.334027777777898 0.330416666666788 0.326805555555673 0.323194444444564 0.319583333333448 0.315972222222339 0.312361111111224 0.308750000000108 0.305138888888999 0.301527777777883
0.366666666666845 0.366666666666845 0.366666666666845 0.366666666666845 0.366666666666845 0.366666666666845 0.366666666666845 0.366666666666845 0.366666666666845 0.366666666666845 0.366666666666845 0.366666666666845 0.366666666666845 0.366666666666845 0.366666666666845 0.366666666666845 0.366666666666845 0.366666666666845 0.366666666666845 0.366666666666845 0.366666666666845 0.366666666666845 0.366666666666845 0.366666666666845 0.365138888889057 0.362083333333498 0.359027777777943 0.355972222222384 0.352916666666825 0.34986111111127 0.346805555555711 0.343750000000157 0.340694444444597 0.337638888889043 0.334583333333483 0.331527777777929 0.32847222222237 0.325416666666815 0.322361111111256 0.319305555555702 0.316250000000142 0.313194444444588 0.310138888889028 0.307083333333469 0.304027777777915 0.300972222222355 0.297916666666801 0.294861111111241 0.291805555555687 0.288750000000128 0.285694444444573 0.282638888889014 0.27958333333346 0.2765277777779 0.273472222222346 0.270416666666787 0.267361111111232 0.264305555555673 0.261250000000113 0.258194444444559 0.255138888889
0.300000000000182 0.300000000000182 0.300000000000182 0.300000000000182 0.300000000000182 0.300000000000182 0.300000000000182 0.300000000000182 0.300000000000182 0.300000000000182 0.300000000000182 0.300000000000182 0.300000000000182 0.300000000000182 0.300000000000182 0.300000000000182 0.300000000000182 0.300000000000182 0.300000000000182 0.300000000000182 0.300000000000182 0.300000000000182 0.300000000000182 0.300000000000182 0.298750000000174 0.29625000000017 0.293750000000171 0.291250000000167 0.288750000000164 0.286250000000165 0.283750000000161 0.281250000000162 0.278750000000159 0.276250000000159 0.273750000000156 0.271250000000156 0.268750000000153 0.266250000000154 0.26375000000015 0.261250000000151 0.258750000000148 0.256250000000148 0.253750000000145 0.251250000000141 0.248750000000142 0.246250000000139 0.243750000000139 0.241250000000136 0.238750000000137 0.236250000000133 0.233750000000134 0.23125000000013 0.228750000000131 0.226250000000128 0.223750000000128 0.221250000000125 0.218750000000126 0.216250000000122 0.213750000000119 0.211250000000119 0.208750000000116
0.233333333333519 0.233333333333519 0.233333333333519 0.233333333333519 0.233333333333519 0.233333333333519 0.233333333333519 0.233333333333519 0.233333333333519 0.233333333333519 0.233333333333519 0.233333333333519 0.233333333333519 0.233333333333519 0.233333333333519 0.233333333333519 0.233333333333519 0.233333333333519 0.233333333333519 0.233333333333519 0.233333333333519 0.233333333333519 0.233333333333519 0.233333333333519 0.23236111111129 0.230416666666843 0.228472222222399 0.226527777777951 0.224583333333503 0.222638888889059 0.220694444444612 0.218750000000167 0.21680555555572 0.214861111111276 0.212916666666828 0.210972222222384 0.209027777777936 0.207083333333492 0.205138888889045 0.2031944444446 0.201250000000153 0.199305555555709 0.197361111111261 0.195416666666814 0.193472222222369 0.191527777777922 0.189583333333478 0.18763888888903 0.185694444444586 0.183750000000138 0.181805555555694 0.179861111111247 0.177916666666802 0.175972222222355 0.174027777777911 0.172083333333463 0.170138888889019 0.168194444444571 0.166250000000124 0.164305555555679 0.162361111111232
0.166666666666828 0.166666666666828 0.166666666666828 0.166666666666828 0.166666666666828 0.166666666666828 0.166666666666828 0.166666666666828 0.166666666666828 0.166666666666828 0.166666666666828 0.166666666666828 0.166666666666828 0.166666666666828 0.166666666666828 0.166666666666828 0.166666666666828 0.166666666666828 0.166666666666828 0.166666666666828 0.166666666666828 0.166666666666828 0.166666666666828 0.166666666666828 0.165972222222379 0.164583333333487 0.163194444444598 0.161805555555707 0.160416666666816 0.159027777777927 0.157638888889035 0.156250000000146 0.154861111111255 0.153472222222366 0.152083333333475 0.150694444444586 0.149305555555694 0.147916666666805 0.146527777777914 0.145138888889025 0.143750000000134 0.142361111111245 0.140972222222353 0.139583333333462 0.138194444444573 0.136805555555682 0.135416666666793 0.134027777777901 0.132638888889012 0.131250000000121 0.129861111111232 0.128472222222341 0.127083333333452 0.125694444444561 0.124305555555672 0.12291666666678 0.121527777777891 0.120138888889 0.118750000000109 0.11736111111122 0.115972222222328
0.100000000000165 0.100000000000165 0.100000000000165 0.100000000000165 0.100000000000165 0.100000000000165 0.100000000000165 0.100000000000165 0.100000000000165 0.100000000000165 0.100000000000165 0.100000000000165 0.100000000000165 0.100000000000165 0.100000000000165 0.100000000000165 0.100000000000165 0.100000000000165 0.100000000000165 0.100000000000165 0.100000000000165 0.100000000000165 0.100000000000165 0.100000000000165 0.099583333333495 0.0987500000001597 0.0979166666668257 0.0970833333334903 0.096250000000155 0.095416666666821 0.0945833333334856 0.0937500000001517 0.0929166666668163 0.0920833333334824 0.091250000000147 0.0904166666668131 0.0895833333334777 0.0887500000001437 0.0879166666668084 0.0870833333334744 0.0862500000001391 0.0854166666668051 0.0845833333334697 0.0837500000001344 0.0829166666668004 0.082083333333465 0.0812500000001311 0.0804166666667957 0.0795833333334618 0.0787500000001264 0.0779166666667925 0.0770833333334571 0.0762500000001231 0.0754166666667878 0.0745833333334538 0.0737500000001184 0.0729166666667845 0.0720833333334491 0.0712500000001138 0.0704166666667798 0.0695833333334444
0.033333333333502 0.033333333333502 0.033333333333502 0.033333333333502 0.033333333333502 0.033333333333502 0.033333333333502 0.033333333333502 0.033333333333502 0.033333333333502 0.033333333333502 0.033333333333502 0.033333333333502 0.033333333333502 0.033333333333502 0.033333333333502 0.033333333333502 0.033333333333502 0.033333333333502 0.033333333333502 0.033333333333502 0.033333333333502 0.033333333333502 0.033333333333502 0.0331944444446116 0.0329166666668322 0.0326388888890532 0.0323611111112738 0.0320833333334944 0.0318055555557155 0.0315277777779361 0.0312500000001572 0.0309722222223777 0.0306944444445988 0.0304166666668194 0.0301388888890405 0.0298611111112611 0.0295833333334821 0.0293055555557027 0.0290277777779238 0.0287500000001444 0.0284722222223655 0.0281944444445861 0.0279166666668067 0.0276388888890277 0.0273611111112483 0.0270833333334694 0.02680555555569 0.0265277777779111 0.0262500000001317 0.0259722222223527 0.0256944444445733 0.0254166666667944 0.025138888889015 0.0248611111112361 0.0245833333334567 0.0243055555556777 0.0240277777778983 0.0237500000001189 0.02347222222234 0.0231944444445606
0 0 0 0 0 0 0 0 0 0 0 0 0 0 0 0 0 0 0 0 0 0 0 0 0 0 0 0 0 0 0 0 0 0 0 0 0 0 0 0 0 0 0 0 0 0 0 0 0 0 0 0 0 0 0 0 0 0 0 0 0
0 0 0 0 0 0 0 0 0 0 0 0 0 0 0 0 0 0 0 0 0 0 0 0 0 0 0 0 0 0 0 0 0 0 0 0 0 0 0 0 0 0 0 0 0 0 0 0 0 0 0 0 0 0 0 0 0 0 0 0 0
0 0 0 0 0 0 0 0 0 0 0 0 0 0 0 0 0 0 0 0 0 0 0 0 0 0 0 0 0 0 0 0 0 0 0 0 0 0 0 0 0 0 0 0 0 0 0 0 0 0 0 0 0 0 0 0 0 0 0 0 0
0 0 0 0 0 0 0 0 0 0 0 0 0 0 0 0 0 0 0 0 0 0 0 0 0 0 0 0 0 0 0 0 0 0 0 0 0 0 0 0 0 0 0 0 0 0 0 0 0 0 0 0 0 0 0 0 0 0 0 0 0
0 0 0 0 0 0 0 0 0 0 0 0 0 0 0 0 0 0 0 0 0 0 0 0 0 0 0 0 0 0 0 0 0 0 0 0 0 0 0 0 0 0 0 0 0 0 0 0 0 0 0 0 0 0 0 0 0 0 0 0 0
0 0 0 0 0 0 0 0 0 0 0 0 0 0 0 0 0 0 0 0 0 0 0 0 0 0 0 0 0 0 0 0 0 0 0 0 0 0 0 0 0 0 0 0 0 0 0 0 0 0 0 0 0 0 0 0 0 0 0 0 0
0 0 0 0 0 0 0 0 0 0 0 0 0 0 0 0 0 0 0 0 0 0 0 0 0 0 0 0 0 0 0 0 0 0 0 0 0 0 0 0 0 0 0 0 0 0 0 0 0 0 0 0 0 0 0 0 0 0 0 0 0
0 0 0 0 0 0 0 0 0 0 0 0 0 0 0 0 0 0 0 0 0 0 0 0 0 0 0 0 0 0 0 0 0 0 0 0 0 0 0 0 0 0 0 0 0 0 0 0 0 0 0 0 0 0 0 0 0 0 0 0 0
